
=========== Print Mesh Data ===========
Mesh size:
Number of Coordinates: 35
Number of Elements: 48
Number of Boundary-Elements: 20

Coordinates (x,y):
    (0,  0)
    (0.5,  0)
    (1,  0)
    (0,  0.333333)
    (0.5,  0.333333)
    (1,  0.333333)
    (0,  0.666667)
    (0.5,  0.666667)
    (1,  0.666667)
    (0,  1)
    (0.5,  1)
    (1,  1)
    (0.25,  0)
    (0.75,  0)
    (0.25,  0.333333)
    (0.75,  0.333333)
    (0.25,  0.666667)
    (0.75,  0.666667)
    (0.25,  1)
    (0.75,  1)
    (0,  0.166667)
    (0.5,  0.166667)
    (1,  0.166667)
    (0,  0.5)
    (0.5,  0.5)
    (1,  0.5)
    (0,  0.833333)
    (0.5,  0.833333)
    (1,  0.833333)
    (0.25,  0.166667)
    (0.75,  0.166667)
    (0.25,  0.5)
    (0.75,  0.5)
    (0.25,  0.833333)
    (0.75,  0.833333)

Elements:
Vertices (n1,n2,n3), Mid. Points (m1,m2,m3), Affiliation
 0 12 29 0 46 34 0
 1 21 12 18 47 1 0
 4 29 21 35 48 19 0
 12 21 29 47 48 46 0
 0 29 20 34 49 16 0
 4 14 29 5 50 35 0
 3 20 14 17 51 4 0
 29 14 20 50 51 49 0
 1 13 30 2 52 36 1
 2 22 13 20 53 3 1
 5 30 22 37 54 21 1
 13 22 30 53 54 52 1
 1 30 21 36 55 18 1
 5 15 30 7 56 37 1
 4 21 15 19 57 6 1
 30 15 21 56 57 55 1
 3 14 31 4 58 38 2
 4 24 14 24 59 5 2
 7 31 24 39 60 25 2
 14 24 31 59 60 58 2
 3 31 23 38 61 22 2
 7 16 31 9 62 39 2
 6 23 16 23 63 8 2
 31 16 23 62 63 61 2
 4 15 32 6 64 40 3
 5 25 15 26 65 7 3
 8 32 25 41 66 27 3
 15 25 32 65 66 64 3
 4 32 24 40 67 24 3
 8 17 32 11 68 41 3
 7 24 17 25 69 10 3
 32 17 24 68 69 67 3
 6 16 33 8 70 42 4
 7 27 16 30 71 9 4
 10 33 27 43 72 31 4
 16 27 33 71 72 70 4
 6 33 26 42 73 28 4
 10 18 33 13 74 43 4
 9 26 18 29 75 12 4
 33 18 26 74 75 73 4
 7 17 34 10 76 44 5
 8 28 17 32 77 11 5
 11 34 28 45 78 33 5
 17 28 34 77 78 76 5
 7 34 27 44 79 30 5
 11 19 34 15 80 45 5
 10 27 19 31 81 14 5
 34 19 27 80 81 79 5

Boundary Elements:
Endpoints (n1, n2), Edge Number (ed1), Type
 0 12 0 1
 12 1 1 1
 1 13 2 1
 13 2 3 1
 0 20 16 1
 20 3 17 1
 2 22 20 0
 22 5 21 0
 3 23 22 1
 23 6 23 1
 5 25 26 0
 25 8 27 0
 6 26 28 1
 26 9 29 1
 8 28 32 0
 28 11 33 0
 10 18 13 0
 18 9 12 0
 11 19 15 0
 19 10 14 0

Fixed Nodes:
 0
 1
 2
 3
 6
 9
 12
 13
 20
 23
 26

Memory
Coordinates :          560 Byte
Elements    :         2688 Byte
Boundary    :          640 Byte
Edge2no     :         1312 Byte
Total       :   0.00495911 MByte

=========== Solution ===========
Vector:
0
0
0
0
0.16261
0.326436
0
0.325016
0.64902
0
0.488973
0.953491
0
0
0.0813215
0.244072
0.162751
0.486597
0.245112
0.728837
0
0.0813342
0.163398
0
0.243809
0.488613
0
0.406526
0.805654
0.0406626
0.122139
0.121995
0.365604
0.203726
0.607216

